1745841191579 8.921876317888334 0
1745841191800 1.6836746193427408 1
1745841192025 1.4852705860088544 2
1745841192252 2.5272015219564596 3
1745841192471 0.26092539929388636 4
1745841192687 0.15857717069637708 5
1745841192905 1.2932997494318539 6
1745841193120 2.4589386793131327 7
1745841193336 0.18422168750542303 8
1745841193551 0.12368169964100774 9
1745841193766 0.28417325732992826 10
1745841193980 0.4744165678153545 11
1745841194195 0.12501393512755796 12
1745841194417 0.7641945034265518 13
1745841194633 1.5154623899876414 14
1745841194850 0.09704123578389376 15
1745841195064 0.049611698578816754 16
1745841195279 0.05157459644055334 17
1745841195494 0.06875496822311569 18
1745841195708 0.06045599127939558 19
