1745841544465 14.618359030198656 0
1745841545258 0.6639136822266474 1
1745841546076 7.545113395343828 2
1745841547097 0.13106013529867097 3
1745841547971 0.09919579088358589 4
1745841548774 0.10336555923381563 5
1745841549600 0.09253295524385423 6
1745841550412 0.1215088615265999 7
1745841551235 4.040123137650569 8
1745841552000 0.906258467111469 9
1745841552739 0.08105172940339501 10
1745841553495 0.14264913559865555 11
1745841554248 0.3748073820230546 12
1745841554988 0.0716575788776519 13
1745841555708 0.45990616923908173 14
1745841556466 1.0154211347439013 15
1745841557208 0.2238751729507802 16
1745841557957 7.30331815513705 17
1745841558697 0.2624267971462143 18
1745841559480 0.0560885866620264 19
