1745841379193 72.14295006909752 0
1745841379413 0.4219059618961745 1
1745841379630 0.26448796430180743 2
1745841379847 0.2128842638712891 3
1745841380063 0.20114410088207182 4
1745841380280 0.11971326697185554 5
1745841380496 0.6598031463008889 6
1745841380712 0.17872692393499184 7
1745841380929 2.053800564115219 8
1745841381147 0.15966428829696627 9
1745841381365 0.11109378234128267 10
1745841381594 0.15924333243821207 11
1745841381810 0.09860025589143373 12
1745841382028 0.06338165971085183 13
1745841382245 0.11002321810929815 14
1745841382461 1.1981128509161552 15
1745841382677 1.3526453760900221 16
1745841382892 0.050899119718381056 17
1745841383107 0.04492119295800424 18
1745841383325 3.2078120615024592 19
