1745849084394 9.417301779787843 0
1745849085127 0.6403194955699352 1
1745849085811 0.29937403500903376 2
1745849086527 0.5762342927123302 3
1745849087425 0.5886680185383196 4
1745849088777 0.7293974534088735 5
1745849089763 1.3596943513958493 6
1745849090774 0.45162900720429683 7
1745849091790 0.7590464657553322 8
1745849092930 0.20203387053961253 9
1745849094098 0.8669119653863143 10
1745849095277 0.18344192858270847 11
1745849095971 0.37883513697644294 12
1745849096704 0.10237814257569734 13
1745849097401 0.1275312709441995 14
1745849098081 0.27472584836637776 15
1745849098816 0.5863168753210187 16
1745849099538 1.5658308307110276 17
1745849100272 0.07385874620911495 18
1745849100987 0.041152226748922584 19
