1745849346183 49.44736185192403 0
1745849346972 0.7110819325098017 1
1745849347754 0.5549513369963314 2
1745849348515 0.3766088761101112 3
1745849349272 0.4625407136688575 4
1745849350073 0.20130979037169594 5
1745849350854 7.111415266784844 6
1745849351634 0.4681320696328226 7
1745849352475 0.10835000629747771 8
1745849353331 0.09285498710956362 9
1745849354159 0.07703273578737323 10
1745849354908 0.07225727860028572 11
1745849355698 0.18587196416617757 12
1745849356456 0.3975824731098519 13
1745849357242 4.244358135315266 14
1745849358019 0.45206298804661843 15
1745849358727 0.15844132592747226 16
1745849359452 0.14400866737805348 17
1745849360162 1.9448004333528777 18
1745849360903 0.095077410134492 19
